-16 24 1
-14 20 4
-14 18 8
-14 16 4
-12 18 8
-12 16 10
-12 14 32
-12 12 44
-12 10 24
-12 8 2
-10 16 12
-10 14 32
-10 12 64
-10 10 112
-10 8 144
-10 6 128
-10 4 60
-10 2 8
-8 16 8
-8 14 8
-8 12 68
-8 10 144
-8 8 256
-8 6 368
-8 4 392
-8 2 304
-8 0 188
-8 -2 72
-8 -4 12
-6 14 16
-6 12 48
-6 10 120
-6 8 260
-6 6 520
-6 4 804
-6 2 872
-6 0 740
-6 -2 512
-6 -4 288
-6 -6 136
-6 -8 44
-6 -10 8
-4 14 16
-4 12 20
-4 10 96
-4 8 286
-4 6 592
-4 4 880
-4 2 1352
-4 0 1604
-4 -2 1296
-4 -4 864
-4 -6 552
-4 -8 272
-4 -10 112
-4 -12 48
-4 -14 16
-4 -16 2
-2 14 8
-2 12 36
-2 10 72
-2 8 236
-2 6 584
-2 4 1032
-2 2 1616
-2 0 2044
-2 -2 1984
-2 -4 1608
-2 -6 1096
-2 -8 596
-2 -10 296
-2 -12 148
-2 -14 56
-2 -16 16
-2 -18 8
-2 -20 4
0 16 4
0 12 24
0 10 80
0 8 270
0 6 544
0 4 1008
0 2 1680
0 0 2320
0 -2 2256
0 -4 1800
0 -6 1360
0 -8 814
0 -10 384
0 -12 192
0 -14 80
0 -16 36
0 -18 16
2 14 8
2 12 36
2 10 72
2 8 236
2 6 584
2 4 1032
2 2 1616
2 0 2044
2 -2 1984
2 -4 1608
2 -6 1096
2 -8 596
2 -10 296
2 -12 148
2 -14 56
2 -16 16
2 -18 8
2 -20 4
4 14 16
4 12 20
4 10 96
4 8 286
4 6 592
4 4 880
4 2 1352
4 0 1604
4 -2 1296
4 -4 864
4 -6 552
4 -8 272
4 -10 112
4 -12 48
4 -14 16
4 -16 2
6 14 16
6 12 48
6 10 120
6 8 260
6 6 520
6 4 804
6 2 872
6 0 740
6 -2 512
6 -4 288
6 -6 136
6 -8 44
6 -10 8
8 16 8
8 14 8
8 12 68
8 10 144
8 8 256
8 6 368
8 4 392
8 2 304
8 0 188
8 -2 72
8 -4 12
10 16 12
10 14 32
10 12 64
10 10 112
10 8 144
10 6 128
10 4 60
10 2 8
12 18 8
12 16 10
12 14 32
12 12 44
12 10 24
12 8 2
14 20 4
14 18 8
14 16 4
16 24 1
