-25 40 1
-23 36 4
-23 34 12
-23 32 9
-21 34 8
-21 32 14
-21 30 52
-21 28 106
-21 26 96
-21 24 24
-19 32 12
-19 30 36
-19 28 120
-19 26 252
-19 24 444
-19 22 648
-19 20 546
-19 18 220
-19 16 22
-17 32 4
-17 30 16
-17 28 84
-17 26 228
-17 24 589
-17 22 1240
-17 20 2030
-17 18 2600
-17 16 2727
-17 14 2040
-17 12 918
-17 10 168
-17 8 6
-15 30 12
-15 28 40
-15 26 184
-15 24 488
-15 22 1240
-15 20 2742
-15 18 5092
-15 16 7898
-15 14 9796
-15 12 9778
-15 10 7908
-15 8 5115
-15 6 2264
-15 4 536
-15 2 36
-15 0 1
-13 30 8
-13 28 20
-13 26 104
-13 24 402
-13 22 1112
-13 20 2662
-13 18 5864
-13 16 11166
-13 14 18656
-13 12 26078
-13 10 30216
-13 8 29126
-13 6 23312
-13 4 15328
-13 2 8444
-13 0 3568
-13 -2 940
-13 -4 90
-13 -6 4
-11 28 24
-11 26 84
-11 24 260
-11 22 856
-11 20 2472
-11 18 5748
-11 16 12368
-11 14 23740
-11 12 39616
-11 10 57640
-11 8 72350
-11 6 76924
-11 4 68486
-11 2 52540
-11 0 34602
-11 -2 19160
-11 -4 9046
-11 -6 3644
-11 -8 1010
-11 -10 124
-11 -12 6
-9 28 20
-9 26 44
-9 24 198
-9 22 776
-9 20 2064
-9 18 5192
-9 16 12334
-9 14 25764
-9 12 47994
-9 10 79220
-9 8 116203
-9 6 147660
-9 4 161510
-9 2 153784
-9 0 126988
-9 -2 89824
-9 -4 56090
-9 -6 31296
-9 -8 15181
-9 -10 6276
-9 -12 2342
-9 -14 700
-9 -16 111
-9 -18 4
-7 28 12
-7 26 52
-7 24 148
-7 22 580
-7 20 1812
-7 18 4876
-7 16 11735
-7 14 25824
-7 12 51650
-7 10 93252
-7 8 150179
-7 6 213220
-7 4 266258
-7 2 292364
-7 0 280387
-7 -2 233360
-7 -4 172514
-7 -6 114240
-7 -8 67017
-7 -10 34944
-7 -12 16906
-7 -14 7552
-7 -16 2804
-7 -18 904
-7 -20 312
-7 -22 72
-7 -24 1
-5 30 4
-5 26 32
-5 24 172
-5 22 512
-5 20 1522
-5 18 4380
-5 16 11192
-5 14 25688
-5 12 53100
-5 10 100156
-5 8 171960
-5 6 263424
-5 4 356210
-5 2 428636
-5 0 454068
-5 -2 421264
-5 -4 347064
-5 -6 256064
-5 -8 168226
-5 -10 100476
-5 -12 55432
-5 -14 27920
-5 -16 12492
-5 -18 5356
-5 -20 2308
-5 -22 780
-5 -24 206
-5 -26 84
-5 -28 32
-3 28 8
-3 26 44
-3 24 128
-3 22 396
-3 20 1488
-3 18 4216
-3 16 10516
-3 14 24976
-3 12 53672
-3 10 104160
-3 8 184270
-3 6 293920
-3 4 418886
-3 2 532208
-3 0 598706
-3 -2 594016
-3 -4 521826
-3 -6 411292
-3 -8 291606
-3 -10 187076
-3 -12 109616
-3 -14 59780
-3 -16 30332
-3 -18 14000
-3 -20 6122
-3 -22 2600
-3 -24 968
-3 -26 384
-3 -28 146
-3 -30 20
-3 -32 14
-3 -34 8
-1 28 8
-1 26 36
-1 24 128
-1 22 412
-1 20 1368
-1 18 4024
-1 16 10350
-1 14 24584
-1 12 53648
-1 10 105860
-1 8 189729
-1 6 308440
-1 4 450236
-1 2 586192
-1 0 679642
-1 -2 695640
-1 -4 630820
-1 -6 512624
-1 -8 375898
-1 -10 249684
-1 -12 152152
-1 -14 85116
-1 -16 44569
-1 -18 21948
-1 -20 9964
-1 -22 4320
-1 -24 1806
-1 -26 688
-1 -28 264
-1 -30 108
-1 -32 25
-1 -34 12
-1 -36 4
1 28 8
1 26 36
1 24 128
1 22 412
1 20 1368
1 18 4024
1 16 10350
1 14 24584
1 12 53648
1 10 105860
1 8 189729
1 6 308440
1 4 450236
1 2 586192
1 0 679642
1 -2 695640
1 -4 630820
1 -6 512624
1 -8 375898
1 -10 249684
1 -12 152152
1 -14 85116
1 -16 44569
1 -18 21948
1 -20 9964
1 -22 4320
1 -24 1806
1 -26 688
1 -28 264
1 -30 108
1 -32 25
1 -34 12
1 -36 4
3 28 8
3 26 44
3 24 128
3 22 396
3 20 1488
3 18 4216
3 16 10516
3 14 24976
3 12 53672
3 10 104160
3 8 184270
3 6 293920
3 4 418886
3 2 532208
3 0 598706
3 -2 594016
3 -4 521826
3 -6 411292
3 -8 291606
3 -10 187076
3 -12 109616
3 -14 59780
3 -16 30332
3 -18 14000
3 -20 6122
3 -22 2600
3 -24 968
3 -26 384
3 -28 146
3 -30 20
3 -32 14
3 -34 8
5 30 4
5 26 32
5 24 172
5 22 512
5 20 1522
5 18 4380
5 16 11192
5 14 25688
5 12 53100
5 10 100156
5 8 171960
5 6 263424
5 4 356210
5 2 428636
5 0 454068
5 -2 421264
5 -4 347064
5 -6 256064
5 -8 168226
5 -10 100476
5 -12 55432
5 -14 27920
5 -16 12492
5 -18 5356
5 -20 2308
5 -22 780
5 -24 206
5 -26 84
5 -28 32
7 28 12
7 26 52
7 24 148
7 22 580
7 20 1812
7 18 4876
7 16 11735
7 14 25824
7 12 51650
7 10 93252
7 8 150179
7 6 213220
7 4 266258
7 2 292364
7 0 280387
7 -2 233360
7 -4 172514
7 -6 114240
7 -8 67017
7 -10 34944
7 -12 16906
7 -14 7552
7 -16 2804
7 -18 904
7 -20 312
7 -22 72
7 -24 1
9 28 20
9 26 44
9 24 198
9 22 776
9 20 2064
9 18 5192
9 16 12334
9 14 25764
9 12 47994
9 10 79220
9 8 116203
9 6 147660
9 4 161510
9 2 153784
9 0 126988
9 -2 89824
9 -4 56090
9 -6 31296
9 -8 15181
9 -10 6276
9 -12 2342
9 -14 700
9 -16 111
9 -18 4
11 28 24
11 26 84
11 24 260
11 22 856
11 20 2472
11 18 5748
11 16 12368
11 14 23740
11 12 39616
11 10 57640
11 8 72350
11 6 76924
11 4 68486
11 2 52540
11 0 34602
11 -2 19160
11 -4 9046
11 -6 3644
11 -8 1010
11 -10 124
11 -12 6
13 30 8
13 28 20
13 26 104
13 24 402
13 22 1112
13 20 2662
13 18 5864
13 16 11166
13 14 18656
13 12 26078
13 10 30216
13 8 29126
13 6 23312
13 4 15328
13 2 8444
13 0 3568
13 -2 940
13 -4 90
13 -6 4
15 30 12
15 28 40
15 26 184
15 24 488
15 22 1240
15 20 2742
15 18 5092
15 16 7898
15 14 9796
15 12 9778
15 10 7908
15 8 5115
15 6 2264
15 4 536
15 2 36
15 0 1
17 32 4
17 30 16
17 28 84
17 26 228
17 24 589
17 22 1240
17 20 2030
17 18 2600
17 16 2727
17 14 2040
17 12 918
17 10 168
17 8 6
19 32 12
19 30 36
19 28 120
19 26 252
19 24 444
19 22 648
19 20 546
19 18 220
19 16 22
21 34 8
21 32 14
21 30 52
21 28 106
21 26 96
21 24 24
23 36 4
23 34 12
23 32 9
25 40 1